0	1.1430	1.7600	-0.54	X
102	1.4860	1.6460	-0.11	X
204	1.5850	1.5840
306	1.8670	1.4370
408	1.3950	1.8250	-0.31	X
510	1.4210	1.3900
612	1.5140	1.4350
714	1.9720	1.4920
816	1.5390	2.0730	-0.35	X
918	1.5970	1.9590	-0.23	X
1020	1.7440	1.5280
1122	1.7510	1.9450	-0.11	X
1224	2.2840	2.1740
1326	1.7840	1.8550	-0.04	X
1428	1.9200	1.5490
1530	1.9420	2.0910	-0.08	X
1632	1.7440	1.9560	-0.12	X
1734	2.3070	2.0380
1836	1.9930	1.7850
1938	2.0630	2.1970	-0.06	X
2040	2.4340	1.7140
0	1.5590	1.4340
102	1.6900	1.4110
204	1.3350	1.5470	-0.16	X
306	1.3440	1.4740	-0.10	X
408	1.5680	1.7310	-0.10	X
510	1.6540	1.7530	-0.06	X
612	1.6950	1.7760	-0.05	X
714	1.9700	1.8450
816	1.8820	1.4830
918	1.7300	1.6040
1020	2.1780	1.9030
1122	1.6600	1.5830
1224	2.1020	1.6580
1326	1.7770	1.6790
1428	2.0090	1.6930
1530	1.8250	2.0560	-0.13	X
1632	2.0010	1.8740
1734	2.4370	2.0210
1836	2.4120	2.0410
1938	2.3590	1.8230
2040	1.9270	2.2400	-0.16	X
0	1.6450	1.2930
102	1.6110	1.2630
204	1.6120	1.4470
306	1.6780	1.5290
408	1.8820	1.8570
510	1.5400	1.5720	-0.02	X
612	1.5770	1.5020
714	1.8540	2.1990	-0.19	X
816	1.5740	1.6290	-0.03	X
918	1.9370	1.5380
1020	1.8380	1.9340	-0.05	X
1122	1.6910	1.5990
1224	2.0870	1.9850
1326	1.8010	1.6800
1428	1.7780	1.6980
1530	1.7150	2.3150	-0.35	X
1632	2.2690	2.0900
1734	1.7940	1.8330	-0.02	X
1836	2.1000	1.7150
1938	2.5030	2.2130
2040	2.1280	2.4090	-0.13	X
0	1.2570	1.5260	-0.21	X
102	1.2790	1.1660
204	1.8630	1.4820
306	1.5220	1.5630	-0.03	X
408	1.6030	1.7170	-0.07	X
510	1.5690	1.4760
612	1.9570	1.4320
714	1.6180	1.4780
816	1.8280	2.0450	-0.12	X
918	1.9490	1.6560
1020	2.1610	1.8810
1122	1.7840	1.8210	-0.02	X
1224	1.6300	2.0290	-0.24	X
1326	2.0860	1.7590
1428	1.6380	1.7520	-0.07	X
1530	2.1690	2.1170
1632	2.3280	1.7000
1734	1.9700	2.0930	-0.06	X
1836	1.9860	1.8100
1938	2.1190	2.1700	-0.02	X
2040	2.3520	1.9680
0	1.6860	1.6580
102	1.5170	1.4990
204	1.4360	1.2840
306	1.8100	1.5300
408	1.5140	1.7370	-0.15	X
510	1.4440	1.8440	-0.28	X
612	1.9340	1.4710
714	1.7080	1.4540
816	2.0910	1.7600
918	1.6160	1.8360	-0.14	X
1020	2.0060	1.5510
1122	1.6680	1.9150	-0.15	X
1224	2.0340	1.6730
1326	1.8670	1.6860
1428	2.0370	2.0120
1530	2.4060	1.6930
1632	2.0400	2.1500	-0.05	X
1734	2.0630	2.3370	-0.13	X
1836	1.7900	1.8000	-0.01	X
1938	2.1590	1.9780
2040	2.1750	2.1960	-0.01	X
0	1.5760	1.5960	-0.01	X
102	1.4770	1.6900	-0.14	X
204	1.5300	1.6850	-0.10	X
306	1.3360	1.9590	-0.47	X
408	1.3750	1.5580	-0.13	X
510	1.7840	1.3950
612	1.8400	1.9250	-0.05	X
714	1.4950	1.7420	-0.17	X
816	1.9900	1.5040
918	1.6790	2.0350	-0.21	X
1020	1.6150	2.0740	-0.28	X
1122	2.0820	1.6770
1224	2.0690	1.5800
1326	2.1300	2.1840	-0.03	X
1428	1.9370	2.1010	-0.08	X
1530	1.9970	2.2900	-0.15	X
1632	2.1840	2.1210
1734	1.9890	1.7700
1836	2.1320	1.9620
1938	2.2910	1.6770
2040	2.2700	2.1210
0	1.6940	1.6000
102	1.5620	1.7200	-0.10	X
204	1.5340	1.7950	-0.17	X
306	1.3370	1.7450	-0.31	X
408	1.3920	1.3550
510	1.7720	1.7520
612	1.6470	1.6060
714	1.5770	1.6100	-0.02	X
816	2.0020	1.8100
918	2.0340	2.0870	-0.03	X
1020	1.7300	1.6710
1122	1.6590	1.6360
1224	1.9990	2.0180	-0.01	X
1326	1.9850	1.6340
1428	2.0220	2.2500	-0.11	X
1530	2.2990	1.6950
1632	2.2860	1.8730
1734	1.9540	1.8940
1836	2.0370	2.0500	-0.01	X
1938	2.1250	1.7200
2040	1.8830	2.1170	-0.12	X
0	1.5540	1.4460
102	1.6490	1.4820
204	1.5050	1.7180	-0.14	X
306	1.4510	1.4070
408	1.7950	1.4290
510	1.7060	1.7460	-0.02	X
612	1.4860	1.7170	-0.16	X
714	1.8500	1.5250
816	1.8780	1.4970
918	1.8930	2.1140	-0.12	X
1020	1.7310	1.5510
1122	1.9560	1.9760	-0.01	X
1224	1.8060	1.8530	-0.03	X
1326	2.2160	1.8890
1428	1.7820	1.7550
1530	2.0760	2.1060	-0.01	X
1632	2.1630	2.0800
1734	2.1640	1.9070
1836	2.2320	2.1660
1938	2.1430	1.8200
2040	2.2890	2.2980	-0.00	X
0	1.1790	1.5130	-0.28	X
102	1.6820	1.4780
204	1.4700	1.6760	-0.14	X
306	1.4060	1.7590	-0.25	X
408	1.5950	1.3550
510	1.9330	1.6350
612	1.6550	1.4230
714	1.8930	1.5270
816	1.5320	2.0210	-0.32	X
918	1.9990	1.5400
1020	1.9860	1.6600
1122	1.9820	1.5420
1224	1.9770	2.1260	-0.08	X
1326	2.1400	1.7900
1428	1.7930	2.1320	-0.19	X
1530	2.3670	1.7320
1632	2.1060	2.0710
1734	1.7470	1.7590	-0.01	X
1836	2.0920	1.9210
1938	2.3380	2.1030
2040	2.3880	1.6330
0	1.7590	1.6210
102	1.6470	1.6160
204	1.7100	1.1350
306	1.6770	1.3220
408	1.7420	1.4020
510	2.0730	1.7390
612	1.4600	1.6750	-0.15	X
714	1.8260	1.5540
816	1.5340	1.9870	-0.30	X
918	1.6180	1.7390	-0.07	X
1020	2.0290	1.5410
1122	1.8820	1.9400	-0.03	X
1224	1.8440	2.0510	-0.11	X
1326	2.0740	1.6600
1428	1.8750	1.6760
1530	2.1900	2.0700
1632	1.7150	1.8060	-0.05	X
1734	2.2260	2.2630	-0.02	X
1836	2.2090	2.2210	-0.01	X
1938	1.8140	1.9440	-0.07	X
2040	2.1470	2.2890	-0.07	X
0	1.4350	1.2790
102	1.6910	1.3370
204	1.4670	1.7010	-0.16	X
306	1.4400	1.4790	-0.03	X
408	1.6600	1.9100	-0.15	X
510	1.8060	1.5630
612	1.4580	1.8830	-0.29	X
714	1.6290	1.5290
816	2.0880	1.5570
918	1.9180	1.5640
1020	2.0570	1.5580
1122	2.0310	1.9250
1224	1.7340	1.8130	-0.05	X
1326	1.8570	2.1210	-0.14	X
1428	2.1560	1.7400
1530	1.8330	2.1070	-0.15	X
1632	2.3370	1.6070
1734	2.2190	2.0630
1836	2.2150	2.3710	-0.07	X
1938	2.5650	1.9300
2040	2.3320	2.0190
0	1.7220	1.6140
102	1.5750	1.8150	-0.15	X
204	1.2970	1.4960	-0.15	X
306	1.3350	1.3290
408	2.0060	1.7050
510	1.4090	1.7570	-0.25	X
612	1.5150	1.4160
714	1.9100	1.3970
816	1.7460	1.9020	-0.09	X
918	1.9000	1.6740
1020	1.6200	1.5680
1122	2.0110	1.8850
1224	1.8620	1.7310
1326	2.0660	2.1200	-0.03	X
1428	2.2470	1.8570
1530	2.3490	2.1360
1632	2.1290	1.8530
1734	2.1080	2.1750	-0.03	X
1836	2.2290	1.7940
1938	1.9690	2.1610	-0.10	X
2040	2.2620	2.2290
0	1.1840	1.3720	-0.16	X
102	1.3470	1.8980	-0.41	X
204	1.3410	1.8890	-0.41	X
306	1.9590	1.3970
408	1.8400	1.4850
510	1.4740	1.3920
612	1.4520	1.5300	-0.05	X
714	1.8400	1.9450	-0.06	X
816	1.6330	1.6380	-0.00	X
918	1.8910	1.8930	-0.00	X
1020	1.9780	1.5280
1122	1.6950	1.9270	-0.14	X
1224	1.6990	1.7100	-0.01	X
1326	2.1590	1.6570
1428	1.6060	2.0830	-0.30	X
1530	2.1000	1.7250
1632	2.1570	1.8770
1734	2.1640	2.2690	-0.05	X
1836	2.2980	1.7920
1938	1.8100	2.3160	-0.28	X
2040	2.1530	2.1470
0	1.4370	1.5140	-0.05	X
102	1.3130	1.9140	-0.46	X
204	1.3530	1.4680	-0.08	X
306	1.5040	1.4080
408	1.3820	1.4110	-0.02	X
510	1.8430	1.5060
612	1.5210	1.4750
714	1.6120	1.4540
816	1.8960	1.6750
918	2.0850	1.7760
1020	1.6380	1.6690	-0.02	X
1122	1.7450	1.9530	-0.12	X
1224	1.7100	1.5650
1326	2.0290	1.3640
1428	2.0910	1.7700
1530	1.8530	1.9350	-0.04	X
1632	2.2740	2.1550
1734	1.8780	2.0630	-0.10	X
1836	2.1120	2.2120	-0.05	X
1938	2.5520	1.8750
2040	1.9670	1.6930
0	1.5170	1.6860	-0.11	X
102	1.4960	1.3300
204	1.5690	1.3840
306	1.4380	1.3440
408	1.8390	1.7000
510	1.6700	1.8040	-0.08	X
612	1.9230	1.5830
714	1.8080	1.9570	-0.08	X
816	1.6510	1.8080	-0.10	X
918	1.9840	1.5260
1020	1.7870	1.8610	-0.04	X
1122	1.9890	1.7010
1224	1.9180	1.9440	-0.01	X
1326	1.9930	1.7570
1428	2.0490	1.7380
1530	2.4080	1.7180
1632	2.1090	1.8120
1734	1.9080	2.1360	-0.12	X
1836	2.4130	1.9060
1938	1.9260	2.1200	-0.10	X
2040	2.1890	1.9700
0	1.3280	1.4090	-0.06	X
102	1.2620	1.3180	-0.04	X
204	1.3260	1.3270	-0.00	X
306	1.4620	1.3470
408	1.3940	1.3550
510	1.4830	1.4810
612	1.7840	1.8780	-0.05	X
714	1.6360	1.8440	-0.13	X
816	1.6890	1.8180	-0.08	X
918	1.3710	1.7180	-0.25	X
1020	2.0170	1.5740
1122	1.6590	1.9020	-0.15	X
1224	1.7190	1.8130	-0.05	X
1326	2.0900	2.0020
1428	2.1150	1.6850
1530	1.9720	2.0790	-0.05	X
1632	2.2120	1.8790
1734	2.2400	1.9940
1836	2.2150	1.7180
1938	2.6090	2.1250
2040	2.2810	1.8560
0	1.2200	1.5370	-0.26	X
102	1.4540	1.5090	-0.04	X
204	1.3000	1.3950	-0.07	X
306	1.6760	1.9370	-0.16	X
408	1.7270	1.5430
510	1.6320	1.3800
612	1.5220	1.7890	-0.18	X
714	1.8650	1.7100
816	1.7700	1.8180	-0.03	X
918	1.9060	1.9290	-0.01	X
1020	1.6290	1.5210
1122	1.6700	2.0030	-0.20	X
1224	2.2200	1.6310
1326	1.7400	2.2730	-0.31	X
1428	2.0090	1.7330
1530	1.7180	2.1890	-0.27	X
1632	2.2820	2.1480
1734	2.2410	1.8830
1836	1.9020	2.1930	-0.15	X
1938	2.3650	1.6860
2040	1.7950	2.1100	-0.18	X
0	1.3780	1.1860
102	1.5570	1.5540
204	1.3980	1.6040	-0.15	X
306	1.3820	1.5900	-0.15	X
408	1.8560	1.6990
510	1.6380	1.5530
612	1.8370	1.7520
714	1.9100	1.6250
816	2.0170	1.7640
918	1.9300	2.0390	-0.06	X
1020	1.9270	1.5560
1122	1.7750	2.0150	-0.14	X
1224	2.0000	1.6690
1326	1.8390	1.9980	-0.09	X
1428	2.1140	1.8360
1530	1.8510	1.5820
1632	2.1060	2.0760
1734	1.7890	1.8770	-0.05	X
1836	2.1280	2.1810	-0.02	X
1938	2.0960	1.8650
2040	2.3300	1.9920
0	1.4430	1.4690	-0.02	X
102	1.2450	1.2550	-0.01	X
204	1.7510	1.6550
306	1.2680	1.7410	-0.37	X
408	1.4970	1.7110	-0.14	X
510	1.4210	1.3910
612	1.4010	1.9200	-0.37	X
714	1.5160	1.5490	-0.02	X
816	1.6210	1.5120
918	1.5150	2.0450	-0.35	X
1020	1.9670	1.6080
1122	1.7800	1.9980	-0.12	X
1224	1.6190	1.5830
1326	2.0660	2.0110
1428	1.6210	1.9110	-0.18	X
1530	2.2090	2.2350	-0.01	X
1632	1.9100	1.8750
1734	2.1640	2.1780	-0.01	X
1836	2.2110	1.8360
1938	2.4950	2.0760
2040	2.2950	1.9410
0	1.6270	1.4970
102	1.4900	1.4480
204	1.4430	1.2830
306	1.3810	1.4960	-0.08	X
408	1.3890	1.4620	-0.05	X
510	1.8500	1.4890
612	1.7880	1.8550	-0.04	X
714	1.5760	1.7340	-0.10	X
816	1.5090	1.8110	-0.20	X
918	1.9680	1.6170
1020	1.6230	1.9120	-0.18	X
1122	2.1130	1.6840
1224	2.0860	2.1730	-0.04	X
1326	1.8690	1.7160
1428	1.9920	2.2670	-0.14	X
1530	2.1010	1.7040
1632	1.7340	2.0650	-0.19	X
1734	2.2190	1.9280
1836	2.1460	2.0700
1938	2.0270	1.8100
2040	2.3010	1.9820
